0.012654178
0.012026157
0.0149394125
0.009827524
0.0050645024
0.012654178
0.012026157
0.015823085
0.02230281
0.01020173
0.012654178
0.012026157
0.018106632
0.0076867566
0.0077414326
0.012654178
0.012026157
0.018876545
0.005132489
0.0022153906
0.012654178
0.012026157
0.021022502
0.01421646
0.009297051
0.012654178
0.022192497
0.020620752
0.017813995
0.009738512
0.012655102
0.022896688
0.0057089403
0.017308239
0.007853672
0.01265521
0.021865245
0.0054452047
0.018622115
0.014807507
0.012655087
0.023133587
0.006434705
0.0046194755
0.010868769
0.012655102
0.025189042
0.0061297975
0.0075292215
0.00806877
0.012655001
0.025636975
0.0065805092
0.009816874
0.010197405
