0.012654178
1.6380945e-05
0.015707273
0.02230281
0.0075243153
0.012654178
1.6380945e-05
0.015823085
0.009380527
0.0056213476
0.012654178
1.638061e-05
0.018106632
0.004975237
0.0077414326
0.012654178
0.0018162709
0.018876545
0.005132489
0.0019905628
0.012654178
0.021022502
0.020393055
0.01421646
0.009248875
0.012654178
0.022192497
0.0058423355
0.017813995
0.009738512
0.012655102
0.022896688
0.0057089403
0.017308239
0.0079774
0.01265521
0.021865245
0.0060779825
0.018622115
0.010444615
0.012655087
0.023133587
0.006434705
0.010868769
0.006674554
0.012655102
0.025189042
0.0061297975
0.0076980516
0.00806877
0.012655001
0.025636975
0.006833229
0.009816874
0.010197405
