0.012654178
4.4300352e-05
0.015707273
0.02230281
0.0075243153
0.012654178
4.4300454e-05
0.015823085
0.012945682
0.0071379356
0.012654178
4.430057e-05
0.018106632
0.0055618584
0.0077414326
0.012654178
4.4300556e-05
0.018876545
0.005132489
0.0019905628
0.012654178
0.011425611
0.021022502
0.01421646
0.009297051
0.012654178
0.022192497
0.018532593
0.017813995
0.009738512
0.012655102
0.022896688
0.0057089403
0.017308239
0.0079774
0.01265521
0.021865245
0.0060779825
0.018622115
0.010444615
0.012655087
0.023133587
0.006434705
0.010868769
0.006674554
0.012655102
0.025189042
0.0061297975
0.0075292215
0.00806877
0.012655001
0.025636975
0.0065805092
0.009816874
0.010197405
